[1] "The model used to generate the data was 1"
[1] "The model included NULL classes and  30 items"
[1] "The simulated dataset contained 500 respondents"
[1] "The proportions assigned to the classes are "
[1] "The respondents were assigned to the classes with frequencies 4, 2, 1, 6, 1, 6, 4, 6, 2, 1, 3, 6, 2, 2, 1, 5, 3, 4, 1, 6, 2, 6, 5, 6, 6, 4, 5, 4, 1, 1, 1, 5, 5, 3, 2, 5, 5, 2, 4, 1, 2, 2, 3, 2, 6, 1, 4, 2, 4, 1, 5, 2, 3, 4, 3, 3, 5, 6, 4, 1, 3, 4, 3, 2, 1, 1, 4, 6, 6, 1, 2, 3, 6, 2, 2, 2, 1, 4, 5, 3, 5, 2, 6, 5, 6, 1, 5, 1, 5, 6, 2, 2, 2, 1, 5, 6, 1, 6, 6, 4, 5, 5, 6, 5, 2, 3, 2, 2, 4, 6, 6, 2, 6, 5, 2, 4, 2, 3, 6, 1, 5, 2, 6, 6, 5, 2, 2, 4, 6, 4, 1, 5, 5, 4, 1, 2, 6, 2, 2, 1, 2, 1, 2, 3, 4, 1, 6, 3, 3, 1, 4, 4, 1, 5, 6, 3, 3, 2, 6, 6, 3, 1, 2, 1, 5, 5, 6, 4, 4, 5, 5, 6, 3, 4, 1, 6, 6, 6, 5, 3, 3, 5, 1, 2, 2, 4, 4, 3, 1, 4, 2, 6, 4, 2, 4, 4, 2, 6, 2, 4, 3, 5, 6, 1, 5, 5, 5, 5, 2, 3, 6, 4, 6, 2, 2, 2, 2, 5, 4, 5, 3, 2, 3, 5, 3, 5, 1, 2, 3, 1, 3, 1, 5, 3, 6, 1, 5, 1, 5, 6, 2, 3, 4, 1, 2, 2, 6, 3, 1, 4, 4, 2, 2, 2, 1, 1, 6, 3, 2, 2, 5, 1, 5, 5, 3, 5, 1, 2, 2, 4, 5, 3, 1, 2, 6, 1, 2, 3, 2, 6, 5, 4, 3, 3, 3, 3, 3, 5, 1, 6, 5, 5, 6, 6, 2, 5, 3, 4, 5, 5, 2, 4, 5, 4, 4, 3, 5, 2, 5, 6, 6, 5, 2, 6, 1, 3, 2, 3, 6, 3, 3, 1, 1, 5, 2, 1, 5, 3, 5, 5, 4, 2, 3, 4, 6, 6, 1, 3, 1, 1, 3, 6, 4, 5, 4, 5, 1, 5, 3, 6, 4, 2, 4, 6, 3, 3, 6, 4, 5, 1, 5, 5, 6, 5, 6, 3, 5, 2, 4, 1, 1, 3, 4, 3, 5, 5, 3, 6, 4, 2, 1, 4, 5, 3, 1, 4, 1, 4, 1, 3, 3, 4, 1, 1, 1, 2, 2, 4, 6, 1, 4, 1, 2, 2, 5, 6, 3, 2, 3, 3, 4, 6, 5, 6, 5, 3, 2, 2, 3, 5, 6, 4, 5, 2, 1, 2, 2, 6, 1, 5, 5, 6, 1, 5, 4, 5, 6, 6, 6, 1, 4, 1, 4, 6, 3, 2, 1, 6, 1, 3, 6, 3, 2, 4, 4, 5, 1, 5, 5, 1, 2, 1, 6, 6, 6, 3, 6, 1, 1, 4, 3, 1, 4, 3, 4, 6, 4, 5, 4, 6, 3, 2, 4, 1, 6, 2, 5, 1, 2, 6, 5, 1, 3, 4, 3, 3, 3, 4, 5, 5"
[1] ""
[1] "The generating parameters (as logits) are:"
      c1    c2    c3    c4   c5   c6
i1 -4.19 -1.74  1.02  1.77 2.93 3.64
i2 -3.96 -2.54 -2.08 -1.18 1.90 4.65
i3 -3.36 -0.49  0.96  0.97 3.57 4.20
i4 -4.85 -4.82 -3.58 -2.11 3.66 3.74
i5 -2.19  0.21  0.63  1.35 1.71 2.32
i6 -4.95 -1.37  0.07  2.33 3.36 4.03
[1] ""
[1] "The generating parameters (as Pr[x_ri]) are:"
     c1   c2   c3   c4   c5   c6
i1 0.01 0.15 0.74 0.85 0.95 0.97
i2 0.02 0.07 0.11 0.23 0.87 0.99
i3 0.03 0.38 0.72 0.72 0.97 0.99
i4 0.01 0.01 0.03 0.11 0.97 0.98
i5 0.10 0.55 0.65 0.79 0.85 0.91
i6 0.01 0.20 0.52 0.91 0.97 0.98
[1] ""
